
strategic_region={
	id=211
	name="STRATEGICREGION_211"
	provinces={
		3 18 26 60 72 75 81 84 89 106 127 129 135 138 140 143 160 163 166 174 183 312 2996 3031 3056 3057 3064 3065 3079 3080 3086 3087 3091 3092 3099 3124 3130 3135 3154 3157 3160 3164 3166 3168 3175 3338 6017 6034 6051 6073 6075 6077 6088 6091 6097 6102 6109 6112 6113 6119 6158 6166 6180 6182 6189 6190 6199 9043 9101 9102 9110 9113 9130 9131 9136 9168 9187 9199 9200 9202 9207 9222 9248 11027 11035 11036 11038 11062 11071 11074 11086 11095 11103 11107 11137 11143 11168 11171 11177 11178 11189 11213 
	}
	weather={
	}
}
